,wlr,balance,win_by_blackjack,win_by_bust,win_by_comparison,tie,lose_by_blackjack,lose_by_bust,lose_by_comparison
0,0.9787685774946921,175.5,118,239,104,68,90,156,225
1,0.9273858921161826,41.5,107,211,129,71,93,169,220
2,0.8940936863543788,105.5,104,217,118,70,89,197,205
3,1.0,128.0,101,238,126,70,91,149,225
4,1.024229074889868,162.0,107,229,129,81,85,152,217
5,1.0150537634408603,233.5,111,242,119,63,72,160,233
6,0.9620253164556962,98.5,105,230,121,70,101,154,219
7,0.9913232104121475,151.5,93,233,131,82,98,178,185
8,1.0087336244541485,245.0,103,223,136,80,85,162,211
9,0.9333333333333333,107.5,111,235,102,72,95,171,214
10,0.9554140127388535,169.0,114,222,114,79,82,170,219
11,0.9869565217391304,119.5,100,233,121,86,93,167,200
12,0.9514767932489452,177.5,111,224,116,75,98,167,209
13,0.8742393509127789,45.0,112,194,125,76,96,177,220
14,0.9475890985324947,44.0,110,231,111,71,84,172,221
15,0.9495798319327731,144.0,106,215,131,72,79,183,214
16,0.967948717948718,156.0,116,222,115,79,82,179,207
17,0.911340206185567,111.0,97,222,123,73,104,169,212
18,0.9893390191897654,115.5,99,221,144,67,77,177,215
19,0.868421052631579,36.5,109,203,117,77,93,165,236
20,0.9458333333333333,134.5,111,231,112,66,85,153,242
21,0.9028925619834711,85.0,93,224,120,79,86,166,232
22,0.891170431211499,32.0,79,221,134,79,95,172,220
23,0.9416666666666667,40.0,91,241,120,68,92,165,223
24,0.9869848156182213,132.0,111,211,133,84,83,194,184
25,0.9742489270386266,135.5,127,203,124,80,79,160,227
26,0.8685831622176592,55.0,105,210,108,90,74,182,231
27,1.08843537414966,154.5,108,220,152,79,80,132,229
28,1.0218340611353711,182.5,110,246,112,74,80,164,214
29,1.013157894736842,137.0,113,228,121,82,88,165,203
30,0.9978213507625272,190.5,115,217,126,83,81,142,236
31,0.9516806722689075,119.5,114,229,110,71,86,165,225
32,0.9311064718162839,31.5,111,225,110,75,98,168,213
33,0.7980582524271844,-28.5,101,218,92,74,93,189,233
34,0.9617834394904459,147.0,117,223,113,76,91,168,212
35,1.0401785714285714,227.0,116,215,135,86,87,165,196
36,0.9535864978902954,215.5,110,222,120,74,91,174,209
37,0.9532908704883227,105.0,90,229,130,80,71,165,235
38,0.9222903885480572,191.5,128,207,116,60,87,160,242
39,0.9251559251559252,54.0,111,206,128,74,97,150,234
40,0.8326771653543307,26.5,95,215,113,69,88,173,247
41,1.0043668122270741,199.5,120,224,116,82,75,174,209
42,0.8719512195121951,105.0,91,220,118,79,87,187,218
43,0.9194214876033058,108.0,103,217,125,71,88,171,225
44,0.9654427645788337,107.0,113,213,121,90,73,184,206
45,0.9273858921161826,113.0,93,235,119,71,90,160,232
46,0.9680851063829787,154.5,127,212,116,75,89,166,215
47,0.8916666666666667,66.0,99,206,123,92,85,161,234
48,1.0513392857142858,202.0,128,237,106,81,88,156,204
49,0.889344262295082,102.0,106,221,107,78,101,158,229
50,0.8811475409836066,58.5,109,216,105,82,84,168,236
51,0.9870410367170627,174.0,111,217,129,80,91,170,202
52,0.8778004073319755,157.0,105,218,108,78,95,161,235
53,0.8770491803278688,90.5,87,206,135,84,102,170,216
54,1.0398230088495575,168.0,111,229,130,78,88,143,221
55,0.8711656441717791,91.5,100,204,122,85,117,145,227
56,0.9216494845360824,113.0,111,230,106,68,78,173,234
57,0.9133192389006343,58.5,104,204,124,95,89,160,224
58,0.9849785407725322,177.0,133,212,114,75,82,158,226
59,0.9828326180257511,133.0,105,212,141,76,99,158,209
60,0.9400826446280992,129.0,116,215,124,61,74,180,230
61,0.9194915254237288,95.0,101,216,117,94,86,155,231
62,0.8476953907815631,16.0,101,212,110,78,90,172,237
63,0.9635974304068522,135.5,94,238,118,83,86,175,206
64,0.8711656441717791,47.0,101,215,110,85,83,174,232
65,0.8154761904761905,66.0,106,190,115,85,87,165,252
66,0.9472573839662447,77.5,113,210,126,77,92,168,214
67,0.8277227722772277,36.0,99,207,112,77,105,183,217
68,0.9397089397089398,138.5,114,206,132,67,89,159,233
69,0.9469214437367304,198.5,107,217,122,83,88,176,207
70,0.9893390191897654,203.0,93,236,135,67,97,161,211
71,0.9555084745762712,159.0,101,234,116,77,90,136,246
72,0.8110236220472441,-12.5,95,216,101,80,90,180,238
73,0.9472573839662447,144.5,125,202,122,77,81,178,215
74,0.9347368421052632,124.5,108,218,118,81,83,165,227
75,0.80859375,17.0,88,219,107,74,95,170,247
76,1.008888888888889,160.0,108,234,112,96,77,165,208
77,0.9100204498977505,116.0,105,221,119,66,90,183,216
78,1.0153508771929824,221.0,113,222,128,81,87,149,220
79,0.9051546391752577,93.0,104,207,128,76,96,162,227
80,1.0460526315789473,109.0,103,243,131,67,73,162,221
81,0.967741935483871,111.0,116,236,98,85,91,175,199
82,0.8505050505050505,80.5,104,197,120,84,81,205,209
83,0.9417879417879418,191.0,114,241,98,66,85,172,224
84,0.8449304174950298,-20.5,98,203,124,72,69,192,242
85,1.0065217391304349,136.5,97,225,141,77,92,163,205
86,0.989247311827957,114.5,99,224,137,75,91,171,203
87,0.844311377245509,40.5,118,197,108,76,90,169,242
88,0.9200819672131147,117.0,104,233,112,63,80,181,227
89,0.8898128898128899,116.5,103,217,108,91,80,180,221
90,0.9047619047619048,62.5,100,216,121,80,83,194,206
91,0.9466950959488273,121.5,102,206,136,87,77,163,229
92,0.8934426229508197,30.0,106,222,108,76,90,179,219
93,0.9934924078091106,118.5,106,222,130,81,84,162,215
94,0.9409282700421941,146.5,104,228,114,80,79,149,246
95,0.9117043121149897,33.5,104,209,131,69,90,186,211
96,0.8747474747474747,40.5,103,206,124,72,98,154,243
97,0.75,-30.5,96,195,102,83,86,184,254
98,1.098623853211009,248.0,107,239,133,85,81,141,214
99,0.9411764705882353,117.0,118,205,125,76,106,184,186
100,0.9039665970772442,154.5,105,210,118,88,89,180,210
101,1.0569476082004556,194.0,112,234,118,97,86,127,226
102,0.9570815450643777,69.0,124,204,118,88,96,148,222
103,0.8264299802761341,-6.5,101,202,116,74,89,176,242
104,0.9311064718162839,99.5,111,213,122,75,88,169,222
105,0.9297872340425531,132.0,103,217,117,93,94,170,206
106,0.9578059071729957,95.5,103,228,123,72,93,172,209
107,0.9850107066381156,190.5,108,230,122,73,76,171,220
108,0.9423076923076923,98.5,108,213,120,91,88,171,209
109,0.9806451612903225,241.5,113,220,123,79,77,168,220
110,0.9761388286334056,139.0,105,218,127,89,70,166,225
111,0.9661016949152542,116.0,99,205,152,72,79,184,209
112,0.8719512195121951,58.5,100,216,113,79,83,182,227
113,1.0216450216450217,138.5,117,221,134,66,78,161,223
114,0.9168399168399168,106.5,115,214,112,78,81,176,224
115,0.8934426229508197,64.5,114,216,106,76,81,191,216
116,0.9190871369294605,118.5,122,202,119,75,86,179,217
117,0.9109730848861284,106.5,120,188,132,77,89,160,234
118,0.925,96.5,115,213,116,76,87,172,221
119,0.8893528183716075,185.5,118,195,113,95,82,180,217
120,0.889344262295082,105.0,108,217,109,78,89,160,239
121,0.9128630705394191,-11.0,87,242,111,78,76,163,243
122,0.9639065817409767,156.0,108,222,124,75,79,173,219
123,0.9745222929936306,155.0,108,238,113,70,92,168,211
124,0.9221052631578948,182.0,113,227,98,87,82,166,227
125,0.9163179916317992,91.5,100,201,137,84,89,159,230
126,0.9934782608695653,116.0,103,229,125,83,83,147,230
127,0.9081632653061225,136.5,114,221,110,65,76,164,250
128,1.026143790849673,256.0,123,223,125,70,98,154,207
129,0.9254658385093167,134.0,105,221,121,70,96,180,207
130,0.9205020920502092,141.5,108,227,105,82,86,190,202
131,0.8094302554027505,-46.5,101,202,109,79,96,173,240
132,1.0043478260869565,149.0,122,221,119,78,88,146,226
133,0.9079497907949791,83.5,94,239,101,88,80,165,233
134,0.8850806451612904,64.5,105,214,120,65,100,187,209
135,0.9368421052631579,123.5,121,220,104,80,81,177,217
136,0.9594017094017094,132.0,102,218,129,83,88,164,216
137,0.9404255319148936,89.0,106,205,131,88,86,189,195
138,0.98068669527897,193.0,109,218,130,77,81,163,222
139,0.9208333333333333,68.5,97,227,118,78,93,179,208
140,0.9161554192229039,38.0,98,225,125,63,84,165,240
141,0.9425531914893617,142.0,100,212,131,87,84,177,209
142,0.9870410367170627,100.0,111,226,120,80,86,162,215
143,1.0284463894967177,246.0,130,234,106,73,75,172,210
144,0.8333333333333334,74.0,107,207,111,65,78,165,267
145,0.8588957055214724,39.5,118,213,89,91,92,155,242
146,0.8577154308617234,53.5,116,208,104,73,95,184,220
147,0.92,127.0,111,213,113,88,97,166,212
148,0.8453815261044176,47.0,110,188,123,81,88,175,235
149,0.9288702928870293,106.0,115,211,118,78,86,189,203
150,0.930672268907563,25.5,104,224,115,81,92,154,230
151,0.8603238866396761,92.5,98,212,115,81,91,162,241
152,0.934322033898305,157.5,106,226,109,87,84,182,206
153,0.9371069182389937,73.5,109,228,110,76,98,169,210
154,0.9871244635193133,161.0,104,226,130,74,77,156,233
155,0.9554140127388535,138.5,109,229,112,79,96,181,194
156,0.9227557411273486,61.5,100,218,124,79,96,171,212
157,0.9978401727861771,176.5,115,222,125,75,65,176,222
158,0.92,70.0,109,210,118,88,80,173,222
159,0.9935622317596566,155.0,107,221,135,71,92,172,202
160,0.9351464435146444,73.5,116,218,113,75,78,190,210
161,0.875,33.0,113,217,97,85,86,168,234
162,0.9722222222222222,119.0,99,239,117,77,77,164,227
163,0.8606060606060606,1.0,105,215,106,79,103,171,221
164,0.9032921810699589,129.0,104,212,123,75,77,175,234
165,0.9807280513918629,96.0,106,224,128,75,80,153,234
166,1.0865603644646924,258.5,113,220,144,84,72,150,217
167,0.8902439024390244,67.5,108,205,125,70,82,161,249
168,1.0695067264573992,236.0,111,244,122,77,79,173,194
169,0.911522633744856,88.0,92,225,126,71,94,169,223
170,0.9089026915113871,106.5,111,228,100,78,79,169,235
171,1.0375275938189845,256.0,113,236,121,77,79,153,221
172,0.9132231404958677,54.0,104,226,112,74,94,177,213
173,0.9006211180124224,64.5,100,209,126,82,78,181,224
174,1.0262008733624455,202.5,123,224,123,72,70,159,229
175,0.940552016985138,92.0,96,223,124,86,85,176,210
176,0.971677559912854,114.0,110,225,111,95,94,166,199
177,0.897119341563786,106.5,128,192,116,78,84,180,222
178,0.8811475409836066,43.0,103,207,120,82,72,154,262
179,0.9827586206896551,157.5,114,238,104,80,84,178,202
180,0.9645833333333333,95.5,111,232,120,57,71,176,233
181,0.9891774891774892,205.0,119,228,110,81,93,150,219
182,0.974304068522484,146.0,118,211,126,78,78,174,215
183,0.902834008097166,93.5,96,237,113,60,90,175,229
184,0.9957081545064378,162.5,119,218,127,70,85,157,224
185,0.8734939759036144,80.0,115,203,117,67,99,179,220
186,0.9594017094017094,122.5,108,225,116,83,82,148,238
187,1.0152173913043478,168.5,108,220,139,73,84,162,214
188,0.9106029106029107,116.0,116,228,94,81,77,188,216
189,0.841897233201581,14.0,104,213,109,68,91,194,221
190,0.9891067538126361,142.0,115,196,143,87,70,186,203
191,0.9595744680851064,162.0,125,208,118,79,68,177,225
192,0.9102296450939458,88.5,106,213,117,85,79,170,230
193,0.91701244813278,139.0,96,225,121,76,87,172,223
194,0.889344262295082,107.0,110,199,125,78,90,156,242
195,1.0021786492374727,198.0,105,225,130,81,73,163,223
196,0.9848812095032398,93.0,112,227,117,81,92,150,221
197,0.9030927835051547,77.0,102,225,111,77,95,159,231
198,0.8704453441295547,-1.5,108,214,108,76,91,180,223
199,0.8773006134969326,25.5,88,203,138,82,89,168,232
200,0.9058577405857741,80.5,93,208,132,89,110,160,208
201,0.8469387755102041,19.0,105,204,106,95,110,153,227
202,0.8991596638655462,146.0,117,212,99,96,84,179,213
203,0.9511677282377919,68.5,100,215,133,81,89,164,218
204,0.9287211740041929,111.5,98,217,128,80,89,171,217
205,0.9849462365591398,193.5,127,213,118,77,96,168,201
206,0.9227557411273486,97.5,106,219,117,79,83,180,216
207,1.0444444444444445,183.5,126,217,127,80,67,157,226
208,0.8772635814889336,29.0,114,198,124,67,81,183,233
209,0.9956236323851203,132.0,125,219,111,88,82,168,207
210,0.9098360655737705,62.5,107,200,137,68,96,183,209
211,0.9257731958762887,135.5,101,215,133,66,87,168,230
212,0.9764453961456103,130.0,102,219,135,77,78,161,228
213,1.030905077262693,194.0,109,232,126,80,95,145,213
214,1.0,204.5,118,227,119,72,66,166,232
215,0.9594882729211087,112.5,116,216,118,81,84,170,215
216,1.0,159.5,117,223,124,72,96,155,213
217,0.8600405679513184,112.5,122,186,116,83,87,178,228
218,1.0529801324503312,179.0,97,236,144,70,95,141,217
219,0.8003875968992248,-6.5,115,187,111,71,73,178,265
220,0.9723991507430998,172.0,124,219,115,71,85,159,227
221,0.9077868852459017,112.0,96,212,135,69,89,194,205
222,0.8562753036437247,30.0,119,198,106,83,89,170,235
223,0.8943089430894309,143.5,103,229,108,68,80,172,240
224,0.8505050505050505,-22.5,107,195,119,84,67,200,228
225,0.9159836065573771,110.5,120,206,121,65,86,175,227
226,0.9399141630901288,96.0,110,206,122,96,73,180,213
227,0.831013916500994,59.0,106,215,97,79,95,191,217
228,0.9934640522875817,138.0,105,232,119,85,87,164,208
229,0.9658119658119658,151.0,105,234,113,80,90,153,225
230,0.9047619047619048,-1.0,94,227,116,80,89,169,225
231,0.9324894514767933,121.0,111,205,126,84,91,163,220
232,0.9575371549893843,121.5,106,234,111,78,81,177,213
233,0.9827586206896551,135.0,104,226,126,80,82,158,224
234,0.9826839826839827,156.0,99,228,127,84,84,158,220
235,0.8433734939759037,87.5,100,228,92,82,79,176,243
236,1.008714596949891,207.5,116,223,124,78,102,156,201
237,1.0240174672489082,220.0,113,221,135,73,76,183,199
238,0.9514767932489452,87.0,103,239,109,75,90,168,216
239,0.8623481781376519,41.0,104,207,115,80,94,188,212
240,1.0,126.0,98,247,116,78,82,178,201
241,0.9655172413793104,138.5,123,206,119,88,71,167,226
242,0.9045643153526971,77.0,101,224,111,82,81,174,227
243,0.8959183673469387,81.0,96,208,135,71,101,167,222
244,0.8614457831325302,60.5,98,208,123,73,96,178,224
245,1.0153508771929824,128.5,122,217,124,81,93,161,202
246,0.8672032193158954,49.0,95,223,113,72,93,172,232
247,0.9913232104121475,96.0,97,224,136,82,75,176,210
248,0.814595660749507,-16.5,90,212,111,80,88,181,238
249,0.8879837067209776,53.0,98,221,117,73,89,183,219
250,0.9177215189873418,92.0,110,201,124,91,76,189,209
251,0.9294605809128631,56.5,107,225,116,70,91,172,219
252,0.8379446640316206,51.5,105,207,112,70,99,187,220
253,0.9024390243902439,85.0,107,223,114,64,91,171,230
254,1.0196936542669583,209.5,119,231,116,77,92,161,204
255,1.0536912751677852,253.0,109,232,130,82,82,160,205
256,0.9118852459016393,88.0,120,204,121,67,70,185,233
257,0.9041666666666667,61.0,120,207,107,86,97,174,209
258,0.9072164948453608,94.0,92,211,137,75,86,179,220
259,1.0513392857142858,231.0,117,210,144,81,87,148,213
260,0.951063829787234,106.5,103,214,130,83,94,177,199
261,0.9635193133047211,106.0,111,206,132,85,99,165,202
262,0.9269311064718163,68.5,112,217,115,77,95,161,223
263,0.94375,90.5,100,243,110,67,93,176,211
264,0.9390756302521008,121.5,123,201,123,77,92,159,225
265,0.9913793103448276,164.5,105,231,124,76,87,159,218
266,0.9672489082969432,85.5,99,227,117,99,81,171,206
267,0.85,51.5,108,206,111,75,99,177,224
268,0.9410526315789474,115.5,107,216,124,78,87,172,216
269,1.0108932461873639,131.5,104,239,121,77,87,165,207
270,0.9293361884368309,105.5,107,206,121,99,84,184,199
271,0.8977505112474438,47.0,97,214,128,72,88,170,231
272,0.8742268041237113,60.0,100,199,125,91,93,178,214
273,0.9139344262295082,48.0,116,223,107,66,81,178,229
274,0.9472573839662447,111.5,106,235,108,77,82,179,213
275,0.9851063829787234,152.5,121,222,120,67,86,171,213
276,0.9325153374233128,86.0,102,237,117,55,96,179,214
277,0.980561555075594,102.5,107,225,122,83,88,162,213
278,0.9109730848861284,80.5,103,217,120,77,74,186,223
279,0.8945233265720081,33.0,90,228,123,66,97,172,224
280,0.8487903225806451,24.0,105,205,111,83,83,170,243
281,0.8825910931174089,62.5,102,199,135,70,91,174,229
282,1.0619469026548674,226.5,131,227,122,68,81,176,195
283,0.9022403258655805,53.5,110,222,111,66,93,176,222
284,1.026431718061674,179.5,108,236,122,80,92,168,194
285,0.9594882729211087,128.0,116,218,116,81,67,176,226
286,0.9745762711864406,100.0,115,241,104,68,95,160,217
287,0.9329140461215933,132.0,120,202,123,78,74,165,238
288,0.8464646464646465,-3.0,104,195,120,86,91,173,231
289,0.9411764705882353,94.5,82,225,141,76,90,181,205
290,0.849802371541502,-49.0,120,198,112,64,87,186,233
291,0.9680170575692963,146.0,109,211,134,77,83,157,229
292,0.8810483870967742,93.5,116,209,112,67,88,183,225
293,0.8850806451612904,80.5,106,222,111,65,96,167,233
294,0.9221052631578948,84.0,98,211,129,87,84,166,225
295,1.0194805194805194,199.0,102,236,133,67,81,164,217
296,0.9264705882352942,101.5,122,205,114,83,81,170,225
297,0.8765182186234818,56.5,95,227,111,73,89,164,241
298,0.9456066945606695,115.5,109,217,126,70,75,170,233
299,0.9828693790149893,156.0,104,234,121,74,82,158,227
300,0.9248434237995825,114.0,108,208,127,78,83,168,228
301,0.8773006134969326,51.5,106,205,118,82,83,178,228
302,0.9386892177589852,154.5,110,210,124,83,91,152,230
303,0.9846491228070176,178.5,113,221,115,95,81,157,218
304,0.939203354297694,103.5,114,205,129,75,96,148,233
305,0.9741379310344828,112.0,114,226,112,84,77,162,225
306,0.987012987012987,139.5,109,224,123,82,81,163,218
307,0.8528225806451613,-13.5,97,201,125,81,81,177,238
308,0.9288702928870293,70.5,89,222,133,78,94,169,215
309,0.8882113821138211,121.0,118,216,103,71,77,175,240
310,1.1002277904328017,235.0,115,238,130,78,76,155,208
311,0.9978540772532188,185.0,106,238,121,69,104,147,215
312,1.0021739130434784,181.5,116,224,121,79,89,152,219
313,0.9915254237288136,162.5,124,215,129,60,75,162,235
314,0.8326693227091634,68.5,97,211,110,80,94,182,226
315,0.9073684210526316,86.0,96,218,117,94,101,160,214
316,0.8987603305785123,61.5,121,195,119,81,86,178,220
317,0.9912854030501089,158.5,120,215,120,86,96,171,192
318,0.8952772073921971,62.0,97,217,122,77,92,170,225
319,0.9705882352941176,140.0,108,228,126,62,83,166,227
320,0.9376299376299376,88.0,127,213,111,68,100,164,217
321,0.8773006134969326,76.5,117,188,124,82,97,173,219
322,0.9077868852459017,53.0,107,230,106,69,88,152,248
323,0.8635437881873728,67.0,101,207,116,85,84,153,254
324,0.9028925619834711,128.5,86,233,118,79,88,166,230
325,0.8409542743538767,-7.0,88,229,106,74,95,170,238
326,0.9494736842105264,139.5,101,215,135,74,86,165,224
327,0.9573560767590619,126.0,110,208,131,82,84,167,218
328,0.8073929961089494,64.5,91,213,111,71,100,178,236
329,0.9681528662420382,120.5,93,235,128,73,78,165,228
330,0.8898128898128899,41.0,98,216,114,91,82,177,222
331,0.9264705882352942,63.5,105,221,115,83,88,166,222
332,1.0262008733624455,256.5,128,219,123,72,63,158,237
333,0.989247311827957,107.0,117,213,130,75,85,164,216
334,0.857429718875502,21.0,106,202,119,75,100,176,222
335,0.9030927835051547,122.5,117,207,114,77,89,175,221
336,0.8483033932135728,12.5,93,209,123,74,93,187,221
337,0.8957055214723927,115.0,107,195,136,73,79,183,227
338,0.8280632411067194,5.5,98,207,114,75,87,166,253
339,1.1212814645308924,285.0,127,233,130,73,72,152,213
340,0.8813905930470347,75.5,93,226,112,80,85,179,225
341,0.9575371549893843,142.5,104,221,126,78,103,163,205
342,0.9892008639308856,179.0,109,231,118,79,90,148,225
343,0.9508547008547008,102.5,101,214,130,87,83,182,203
344,0.974304068522484,185.0,127,214,114,78,84,146,237
345,0.9399585921325052,104.0,112,228,114,63,94,170,219
346,1.0198237885462555,146.5,94,246,123,83,64,173,217
347,1.1018099547511313,251.0,124,234,129,71,80,158,204
348,1.0153846153846153,156.5,97,231,134,83,80,158,217
349,0.9830508474576272,222.5,123,215,126,64,91,161,220
350,0.9913419913419913,135.5,109,229,120,80,89,165,208
351,0.844758064516129,-9.0,104,212,103,85,95,172,229
352,0.8927125506072875,88.5,104,217,120,65,91,164,239
353,0.814176245210728,17.0,94,202,129,53,102,192,228
354,0.9936034115138592,195.5,124,209,133,65,96,147,226
355,0.9696969696969697,110.0,101,229,118,90,95,152,215
356,0.9790794979079498,162.5,101,234,133,54,90,162,226
357,0.8508946322067594,42.0,108,213,107,69,96,188,219
358,0.921161825726141,119.5,105,231,108,74,86,172,224
359,0.9704016913319239,196.5,117,225,117,68,90,170,213
360,1.0086767895878526,232.0,126,235,104,74,83,176,202
361,0.8106508875739645,17.5,97,198,116,82,85,169,253
362,0.9123173277661796,60.0,120,196,121,84,102,165,212
363,0.9382978723404255,95.5,107,217,117,89,84,167,219
364,0.9094650205761317,61.5,123,193,126,72,84,179,223
365,0.9913606911447084,129.5,119,216,124,78,84,159,220
366,0.9635974304068522,99.0,111,231,108,83,79,162,226
367,1.0313199105145414,226.0,122,222,117,92,83,155,209
368,0.978494623655914,82.5,130,215,110,80,86,159,220
369,0.8773006134969326,70.0,103,213,113,82,102,179,208
370,0.8366533864541833,32.0,106,199,115,78,96,183,223
371,0.9305263157894736,133.5,120,204,118,83,85,176,214
372,0.9034907597535934,156.5,115,219,106,73,81,189,217
373,0.8861788617886179,92.5,101,215,120,72,72,184,236
374,0.9573560767590619,181.0,108,230,111,82,80,166,223
375,0.869653767820774,25.5,109,196,122,82,92,163,236
376,1.0130151843817787,206.0,99,235,133,72,83,169,209
377,0.989247311827957,169.5,103,240,117,75,73,176,216
378,1.0155210643015522,160.5,105,208,145,91,78,145,228
379,0.9230769230769231,84.5,105,229,110,75,81,175,225
380,0.8797595190380761,40.5,105,217,117,62,100,152,247
381,0.8967611336032388,63.5,114,204,125,63,77,181,236
382,0.8562753036437247,69.0,100,191,132,83,90,177,227
383,0.8995901639344263,100.0,120,194,125,73,89,173,226
384,0.9389473684210526,104.0,101,209,136,79,82,193,200
385,0.9145833333333333,102.0,106,223,110,81,98,177,205
386,0.9072164948453608,107.5,102,232,106,75,107,169,209
387,0.8731808731808732,32.5,104,211,105,99,85,172,224
388,1.037280701754386,182.5,110,232,131,71,80,159,217
389,0.9094650205761317,130.0,97,203,142,72,98,164,224
390,0.8916155419222904,54.5,101,217,118,75,85,173,231
391,0.8782961460446247,92.5,109,215,109,74,81,187,225
392,0.9934497816593887,178.5,117,231,107,87,83,171,204
393,0.8845360824742268,61.5,115,196,118,86,80,182,223
394,0.9004065040650406,83.5,102,214,127,65,97,174,221
395,1.0418502202643172,215.5,112,230,131,73,87,161,206
396,0.8508946322067594,47.5,108,210,110,69,103,172,228
397,0.8505050505050505,15.0,90,213,118,84,92,171,232
398,0.7942307692307692,-37.0,97,212,104,67,85,190,245
399,0.8548387096774194,43.0,100,208,116,80,108,165,223
400,1.0,180.0,116,237,112,70,88,146,231
401,0.8821138211382114,31.5,116,189,129,74,80,177,235
402,0.8559837728194726,-29.5,108,196,118,85,88,167,238
403,0.9294605809128631,151.0,105,237,106,70,90,171,221
404,0.9066390041493776,114.0,93,234,110,81,104,155,223
405,0.9355509355509356,162.5,107,212,131,69,95,172,214
406,1.002183406113537,123.0,101,233,125,83,74,167,217
407,0.9287211740041929,139.0,107,222,114,80,87,162,228
408,0.9338842975206612,126.0,141,200,111,64,94,162,228
409,0.9458333333333333,147.5,97,218,139,66,107,163,210
410,0.9473684210526315,98.0,101,240,109,75,95,173,207
411,0.9254658385093167,111.5,101,232,114,70,96,147,240
412,0.9536842105263158,154.0,101,244,108,72,63,186,226
413,0.9282700421940928,57.5,97,205,138,86,82,165,227
414,0.9423076923076923,124.5,102,232,107,91,76,179,213
415,0.9281314168377823,77.0,97,221,134,61,70,180,237
416,1.0043572984749456,188.5,102,223,136,80,74,170,215
417,0.885480572597137,65.5,109,195,129,78,91,181,217
418,0.8382642998027613,-78.0,86,220,119,68,91,180,236
419,0.9159836065573771,93.5,91,217,139,65,91,174,223
420,0.8316633266533067,-4.0,90,213,112,86,107,162,230
421,1.0021786492374727,184.0,110,222,128,81,92,150,217
422,0.974304068522484,158.5,113,235,107,78,98,153,216
423,0.9806034482758621,154.0,110,227,118,81,71,169,224
424,0.842,-2.5,97,212,112,79,87,183,230
425,0.9408033826638478,92.5,100,234,111,82,93,169,211
426,0.8924949290060852,81.0,117,212,111,67,88,189,216
427,0.9350104821802935,53.5,121,226,99,77,70,179,228
428,1.028322440087146,223.0,115,202,155,69,80,168,211
429,0.9549356223175965,102.5,96,227,122,89,91,158,217
430,0.9267782426778243,81.5,87,229,127,79,98,155,225
431,0.9593147751605996,147.0,109,212,127,85,91,157,219
432,1.0,225.5,120,218,121,82,85,177,197
433,0.9513742071881607,104.0,109,222,119,77,75,181,217
434,0.9138655462184874,90.0,116,194,125,89,97,165,214
435,0.9287211740041929,65.5,102,218,123,80,86,175,216
436,0.9168399168399168,62.5,98,218,125,78,87,172,222
437,0.9692982456140351,182.5,117,199,126,102,69,168,219
438,0.9092783505154639,97.5,108,210,123,74,84,181,220
439,1.0,265.0,116,224,124,72,90,150,224
440,0.9824945295404814,168.0,105,226,118,94,85,168,204
441,0.9311064718162839,73.0,107,219,120,75,59,181,239
442,0.8672032193158954,-28.0,89,219,123,72,98,173,226
443,0.8726899383983573,87.0,111,220,94,88,90,174,223
444,0.8762677484787018,48.5,108,205,119,75,94,160,239
445,0.8063241106719368,57.0,110,182,116,86,95,180,231
446,0.8386454183266933,43.0,106,209,106,77,91,187,224
447,1.0350877192982457,231.5,106,234,132,72,63,178,215
448,0.875,55.0,113,202,112,85,85,189,214
449,0.8973305954825462,83.5,100,213,124,76,93,161,233
450,0.9642105263157895,126.5,105,235,118,67,83,159,233
451,0.9117647058823529,114.0,104,212,118,90,87,169,220
452,0.8588709677419355,47.5,113,206,107,78,84,176,236
453,0.9639065817409767,140.0,121,212,121,75,81,170,220
454,0.9935205183585313,171.5,122,203,135,77,92,161,210
455,0.9869848156182213,159.0,100,241,114,84,76,172,213
456,0.9530916844349681,84.5,93,228,126,84,81,171,217
457,0.792156862745098,-8.5,97,180,127,86,104,188,218
458,0.8981288981288982,97.0,107,212,113,87,95,158,228
459,1.0195652173913043,163.5,128,216,125,71,76,170,214
460,0.9594882729211087,178.5,110,229,111,81,77,169,223
461,0.9575371549893843,145.0,106,214,131,78,83,172,216
462,1.0353200883002207,202.0,109,232,128,78,90,161,202
463,0.9166666666666666,26.5,105,218,117,80,81,175,224
464,0.8658536585365854,-5.0,99,206,121,82,84,170,238
465,0.978401727861771,158.5,108,213,132,84,72,178,213
466,0.8326771653543307,30.0,112,204,107,69,108,168,232
467,0.9658848614072495,176.5,120,223,110,78,78,180,211
468,0.921161825726141,157.5,107,221,116,74,87,159,236
469,0.9402985074626866,111.0,122,208,111,90,76,164,229
470,1.0,163.0,112,223,122,86,97,157,203
471,0.9698275862068966,139.5,102,221,127,86,96,156,212
472,0.9158110882956879,144.0,115,229,102,67,80,189,218
473,0.9135021097046413,88.0,91,220,122,93,92,171,211
474,0.976545842217484,153.5,118,213,127,73,83,170,216
475,0.7852998065764023,-45.0,97,199,110,77,107,184,226
476,0.9206680584551148,116.5,112,228,101,80,82,176,221
477,0.917864476386037,73.0,93,222,132,66,83,178,226
478,0.9261603375527426,104.5,102,224,113,87,75,168,231
479,0.8861283643892339,42.0,84,230,114,89,83,182,218
480,0.9411764705882353,78.5,112,224,112,76,93,148,235
481,1.0065502183406114,141.0,115,212,134,81,77,177,204
482,0.9348739495798319,157.0,113,230,102,79,95,186,195
483,0.9849785407725322,178.5,115,211,133,75,80,168,218
484,1.0021413276231264,131.5,98,235,135,65,89,173,205
485,0.9721627408993576,117.0,97,229,128,79,87,181,199
486,0.9978165938864629,110.0,123,225,109,85,90,155,213
487,0.848605577689243,17.0,99,204,123,72,79,183,240
488,0.836,8.5,107,206,105,82,88,167,245
489,0.9480249480249481,72.0,113,228,115,63,103,154,224
490,0.8888888888888888,84.0,111,214,107,82,94,169,223
491,0.8396039603960396,32.5,114,200,110,71,94,187,224
492,0.9935622317596566,156.0,115,223,125,71,85,172,209
493,0.917864476386037,84.0,116,208,123,66,93,177,217
494,0.9430379746835443,101.0,131,193,123,79,76,169,229
495,0.9273858921161826,143.5,104,230,113,71,90,161,231
496,0.8993839835728953,77.5,103,200,135,75,87,169,231
497,0.9126819126819127,46.5,112,203,124,80,94,155,232
498,1.0,148.5,114,236,111,78,85,159,217
499,1.0064516129032257,200.5,118,219,131,67,82,170,213
500,0.9393305439330544,123.5,108,216,125,73,95,168,215
501,0.8415841584158416,48.0,104,212,109,70,87,172,246
502,0.9333333333333333,88.0,111,200,137,72,82,164,234
503,0.8548707753479126,51.0,105,205,120,67,99,172,232
504,0.9308855291576674,41.0,104,217,110,106,100,146,217
505,0.9615384615384616,210.5,101,230,119,82,81,157,230
506,0.9336099585062241,103.0,134,200,116,68,89,150,243
507,0.8824742268041237,114.0,116,210,102,87,90,183,212
508,1.0086021505376344,206.5,110,231,128,66,93,155,217
509,0.9409282700421941,77.5,94,235,117,80,83,168,223
510,0.9870410367170627,174.0,110,238,109,80,94,152,217
511,0.9802197802197802,138.5,103,220,123,99,86,145,224
512,0.9636752136752137,190.5,113,222,116,81,85,143,240
513,0.8376753507014028,24.5,104,205,109,83,99,152,248
514,0.9006211180124224,51.5,114,214,107,82,101,165,217
515,0.9010309278350516,84.5,107,219,111,78,80,178,227
516,0.8608870967741935,122.5,114,205,108,77,90,182,224
517,1.0246085011185682,175.5,112,215,131,95,97,152,198
518,0.9809322033898306,124.5,107,218,138,65,81,169,222
519,0.8238747553816047,8.0,104,213,104,68,89,188,234
520,0.918580375782881,83.0,106,203,131,81,101,173,205
521,0.9762419006479481,86.0,102,229,121,85,89,169,205
522,0.9829059829059829,228.0,131,222,107,72,90,160,218
523,0.9372384937238494,86.5,98,235,115,74,74,169,235
524,1.1070615034168565,245.0,123,225,138,75,79,171,189
525,0.8414634146341463,15.5,109,195,110,94,74,185,233
526,0.8765432098765432,11.0,102,217,107,88,96,170,220
527,0.9722814498933902,138.0,111,235,110,75,83,190,196
528,0.8432539682539683,-31.0,101,208,116,71,87,177,240
529,0.9721627408993576,174.0,105,229,120,79,95,159,213
530,0.9726315789473684,143.0,99,234,129,63,94,164,217
531,0.8035019455252919,14.5,96,212,105,73,78,161,275
532,0.9554140127388535,71.0,121,200,129,79,75,177,219
533,0.9208333333333333,63.0,87,227,128,78,77,149,254
534,1.0352422907488987,199.0,130,215,125,76,90,145,219
535,0.9763948497854077,152.0,101,233,121,79,87,143,236
536,1.0653153153153154,186.0,107,249,117,83,76,158,210
537,0.9318181818181818,125.5,105,216,130,65,89,180,215
538,0.9054621848739496,76.5,88,230,113,93,83,168,225
539,1.0064935064935066,205.0,126,221,118,73,75,163,224
540,0.9330543933054394,102.5,105,223,118,76,85,167,226
541,0.8562753036437247,41.0,90,207,126,83,88,173,233
542,0.9043659043659044,98.0,113,213,109,84,91,151,239
543,0.9440993788819876,106.5,110,219,127,61,85,178,220
544,0.8946280991735537,62.5,106,201,126,83,85,171,228
545,0.8744939271255061,55.0,102,198,132,74,86,179,229
546,1.0307692307692307,186.0,125,219,125,76,82,171,202
547,0.8818737270875764,55.5,120,194,119,76,91,164,236
548,0.925531914893617,57.5,100,222,113,95,82,174,214
549,0.8930041152263375,88.5,109,199,126,80,76,172,238
550,0.8353658536585366,61.0,89,214,108,97,80,167,245
551,0.9410526315789474,79.0,95,248,104,78,86,172,217
552,0.9173553719008265,57.0,113,212,119,72,79,186,219
553,0.8737270875763747,24.0,98,201,130,80,93,162,236
554,0.9809322033898306,157.0,101,230,132,65,86,163,223
555,1.0130434782608695,199.0,110,246,110,74,83,167,210
556,0.8729508196721312,-7.5,105,187,134,86,78,176,234
557,0.8003875968992248,-19.0,108,186,119,71,92,177,247
558,0.8414634146341463,52.0,100,220,94,94,90,186,216
559,1.0818181818181818,265.5,118,248,110,84,85,143,212
560,0.810077519379845,0.5,99,208,111,66,88,210,218
561,0.9159663865546218,58.5,97,205,134,88,92,158,226
562,0.9026915113871635,71.5,121,220,95,81,99,172,212
563,0.9020833333333333,85.0,93,219,121,87,92,179,209
564,0.893970893970894,41.0,106,218,106,89,97,153,231
565,0.9324894514767933,63.0,98,233,111,84,77,170,227
566,0.8565656565656565,67.5,110,204,110,81,80,174,241
567,1.0328947368421053,129.5,100,246,125,73,89,152,215
568,0.8737270875763747,80.0,117,193,119,80,90,171,230
569,0.9175475687103594,106.5,97,221,116,93,76,166,231
570,0.9661016949152542,187.0,101,239,116,72,72,179,221
571,0.8865979381443299,62.0,101,216,113,85,92,171,222
572,0.9367088607594937,118.0,117,219,108,82,91,168,215
573,0.8816326530612245,104.0,114,201,117,78,89,158,243
574,1.0130151843817787,189.0,125,209,133,72,92,171,198
575,0.8744939271255061,47.5,93,212,127,74,89,157,248
576,0.8927835051546392,92.0,106,209,118,82,89,181,215
577,0.8940936863543788,97.5,102,216,121,70,87,188,216
578,0.9014373716632443,107.5,111,216,112,74,83,170,234
579,0.9595744680851064,150.0,91,230,130,79,100,171,199
580,0.9279661016949152,71.5,98,209,131,90,86,176,210
581,0.8813905930470347,56.0,96,230,105,80,74,170,245
582,0.9783080260303688,128.0,106,229,116,88,88,149,224
583,0.9806034482758621,111.5,110,224,121,81,75,166,223
584,0.8588709677419355,95.5,125,195,106,78,77,185,234
585,1.02,211.0,128,216,115,91,78,166,206
586,0.9613733905579399,181.5,119,223,106,86,89,160,217
587,0.9044715447154471,15.5,101,227,117,63,95,152,245
588,0.9456066945606695,64.5,96,244,112,70,79,175,224
589,0.9463519313304721,99.5,104,234,103,93,85,155,226
590,0.9161425576519916,136.0,120,209,108,86,90,149,238
591,0.9041666666666667,61.5,110,211,113,86,82,178,220
592,0.987012987012987,141.5,117,216,123,82,90,151,221
593,0.9700854700854701,143.0,106,230,118,78,79,179,210
594,0.9052631578947369,117.0,96,216,118,95,89,165,221
595,1.0218340611353711,165.0,131,239,98,74,77,181,200
596,1.0172413793103448,229.5,111,224,137,64,79,165,220
597,0.9537815126050421,95.0,114,207,133,70,74,168,234
598,0.8803245436105477,25.0,89,216,129,73,92,177,224
599,0.8973305954825462,90.0,114,202,121,76,70,181,236
600,0.9375,99.0,109,214,127,70,87,186,207
601,0.9978354978354979,166.5,118,219,124,77,93,155,214
602,0.8993839835728953,127.0,107,213,118,75,75,180,232
603,0.9621052631578947,101.5,100,246,111,68,91,177,207
604,0.9551282051282052,71.0,108,234,105,85,90,156,222
605,1.0176600441501105,232.5,108,222,131,86,97,165,191
606,0.8816326530612245,49.0,111,195,126,78,83,153,254
607,0.834319526627219,2.0,90,236,97,70,97,172,238
608,0.889795918367347,97.0,106,218,112,74,96,162,232
609,0.9508547008547008,155.0,96,228,121,87,94,162,212
610,0.9291666666666667,184.0,116,215,115,74,80,189,211
611,0.9659574468085106,116.0,112,216,126,76,85,158,227
612,0.8548387096774194,-15.0,114,197,113,80,78,176,242
613,0.8865979381443299,9.0,89,212,129,85,83,175,227
614,0.8565656565656565,-12.5,91,218,115,81,86,158,251
615,0.8857142857142857,65.0,112,212,110,76,100,174,216
616,0.836,-17.5,87,215,116,82,86,168,246
617,0.9683544303797469,86.5,108,230,121,67,103,175,196
618,1.011037527593819,228.0,111,216,131,89,80,174,199
619,0.8623481781376519,93.5,98,222,106,80,97,164,233
620,0.9682875264270613,146.5,118,218,122,69,96,163,214
621,1.0021505376344086,166.5,116,228,122,69,88,148,229
622,0.9978260869565218,197.0,111,224,124,81,82,176,202
623,1.0,140.0,110,231,120,78,84,165,212
624,1.0558035714285714,210.5,117,221,135,79,83,165,200
625,0.8537074148296593,43.5,103,200,123,75,89,169,241
626,0.9516806722689075,143.0,112,221,120,71,93,159,224
627,1.0152505446623095,224.0,110,218,138,75,95,143,221
628,0.9043659043659044,93.0,103,212,120,84,93,168,220
629,0.9891304347826086,219.5,113,228,114,85,103,143,214
630,0.9978354978354979,160.0,108,214,139,77,82,172,208
631,0.9147609147609148,124.0,88,229,123,79,86,154,241
632,1.0240174672489082,304.0,126,225,118,73,90,153,215
633,0.8430583501006036,13.5,122,169,128,84,83,181,233
634,1.0109170305676856,212.0,105,231,127,79,93,158,207
635,0.8612244897959184,34.0,90,224,108,88,79,190,221
636,0.9355509355509356,96.5,104,207,139,69,93,153,235
637,1.0021929824561404,225.5,117,228,112,87,86,155,215
638,0.9568965517241379,114.0,92,244,108,92,87,163,214
639,0.9850746268656716,100.5,105,240,117,69,99,128,242
640,0.9893842887473461,141.5,118,228,120,63,104,176,191
641,0.9657387580299786,168.0,106,221,124,82,97,171,199
642,0.9593147751605996,101.0,117,216,115,85,85,175,207
643,0.9719222462203023,151.0,117,221,112,87,80,165,218
644,0.83399209486166,25.5,103,216,103,72,94,182,230
645,0.9635974304068522,109.5,121,204,125,83,94,159,214
646,0.8966942148760331,96.0,108,207,119,82,99,187,198
647,0.9104166666666667,97.5,104,222,111,83,80,173,227
648,0.9850107066381156,199.0,125,207,128,73,81,177,209
649,0.971677559912854,156.5,100,227,119,95,85,151,223
650,0.974025974025974,133.5,112,230,108,88,74,163,225
651,1.102974828375286,242.5,120,244,118,81,77,160,200
652,0.9541666666666667,153.5,109,221,128,62,73,172,235
653,0.889344262295082,105.5,113,194,127,78,80,180,228
654,0.9556962025316456,193.0,112,218,123,73,90,170,214
655,0.940677966101695,99.0,103,221,120,84,87,158,227
656,0.8508946322067594,-11.5,99,214,115,69,89,191,223
657,1.024229074889868,157.0,106,226,133,81,86,166,202
658,0.9410526315789474,55.5,101,227,119,78,97,161,217
659,0.951271186440678,166.0,118,180,151,79,88,160,224
660,0.9090909090909091,74.0,122,192,126,76,94,151,239
661,0.9956427015250545,206.5,117,236,104,84,69,174,216
662,0.8519269776876268,28.5,110,206,104,87,85,181,227
663,1.0636363636363637,215.0,101,223,144,92,86,145,209
664,0.982532751091703,150.0,107,222,121,92,83,163,212
665,0.9125,114.5,105,227,106,82,87,151,242
666,0.9432773109243697,86.5,98,213,138,75,80,172,224
667,0.9221052631578948,121.0,100,224,114,87,91,176,208
668,0.9550321199143469,107.5,95,226,125,87,84,168,215
669,0.9164926931106472,69.5,115,210,114,82,80,167,232
670,0.8920570264765784,72.0,94,229,115,71,101,178,212
671,1.0631808278867103,173.0,120,222,146,53,84,164,211
672,0.91792656587473,45.0,91,213,121,112,87,163,213
673,0.8843813387423936,11.0,99,214,123,71,98,178,217
674,0.9016393442622951,103.0,93,241,106,72,91,158,239
675,0.8790322580645161,12.5,107,217,112,68,104,157,235
676,0.8724696356275303,80.5,112,210,109,75,91,178,225
677,0.9018789144050104,79.5,111,222,99,89,80,168,231
678,0.9201680672268907,113.5,116,211,111,86,93,160,223
679,0.8603238866396761,7.0,91,220,114,81,95,174,225
680,1.0265486725663717,125.5,107,238,119,84,85,159,208
681,0.8580121703853956,61.0,106,205,112,84,97,167,229
682,0.8606060606060606,76.0,120,196,110,79,75,172,248
683,0.9870410367170627,188.0,110,231,116,80,73,175,215
684,1.0129589632829374,177.5,121,221,127,68,75,163,225
685,0.9739130434782609,175.5,117,213,118,92,82,163,215
686,0.8969072164948454,79.5,100,230,105,80,85,158,242
687,0.9102296450939458,81.0,101,220,115,85,80,157,242
688,0.9142857142857143,87.5,110,205,133,62,88,159,243
689,0.9273858921161826,44.0,95,225,127,71,91,162,229
690,0.793713163064833,-8.5,108,187,109,87,79,189,241
691,1.0334075723830736,181.0,118,213,133,87,90,161,198
692,0.9869281045751634,149.5,108,224,121,88,88,152,219
693,0.9653679653679653,126.0,113,215,118,92,84,172,206
694,0.9471458773784355,132.0,111,213,124,79,82,168,223
695,1.0130718954248366,217.5,124,240,101,76,66,173,220
696,0.848,-8.5,101,219,104,76,80,189,231
697,0.7667304015296367,-139.5,96,195,110,76,79,199,245
698,0.8421052631578947,1.5,93,215,108,90,92,153,249
699,0.9893390191897654,136.0,110,237,117,67,95,160,214
700,0.8496993987975952,40.0,115,186,123,77,97,196,206
701,0.8336673346693386,-9.0,104,210,102,85,82,180,237
702,0.9762931034482759,140.5,92,241,120,83,89,164,211
703,1.0,61.5,107,222,126,90,87,161,207
704,0.8888888888888888,91.5,111,199,122,82,89,168,229
705,1.0153846153846153,240.0,128,226,108,83,95,137,223
706,0.9149377593360996,79.5,95,226,120,77,87,177,218
707,0.9704016913319239,97.5,111,224,124,68,93,165,215
708,1.0151187904967602,152.5,132,222,116,67,82,160,221
709,1.024390243902439,195.5,114,219,129,87,77,157,217
710,0.9641350210970464,186.0,114,219,124,69,85,168,221
711,0.9075975359342916,71.0,121,217,104,71,94,172,221
712,1.017391304347826,168.0,110,246,112,72,83,165,212
713,0.9427966101694916,139.5,112,209,124,83,94,165,213
714,0.897119341563786,83.0,113,211,112,78,92,169,225
715,0.8623481781376519,64.5,96,207,123,80,96,179,219
716,0.9201680672268907,68.0,94,222,122,86,101,159,216
717,1.0,150.0,119,217,123,82,74,165,220
718,0.8757637474541752,40.5,101,210,119,79,77,178,236
719,0.8594377510040161,75.0,122,203,103,74,87,166,245
720,0.8464646464646465,22.5,103,202,114,86,82,169,244
721,1.0130151843817787,169.0,108,246,113,72,90,169,202
722,0.9414225941422594,132.5,97,224,129,72,86,176,216
723,0.9978213507625272,225.5,123,222,113,83,93,159,207
724,0.9570815450643777,164.0,100,208,138,88,92,156,218
725,0.9248434237995825,60.5,99,231,113,78,90,162,227
726,0.9040816326530612,41.5,119,214,110,67,89,169,232
727,1.017391304347826,172.0,120,227,121,72,78,169,213
728,0.911522633744856,85.0,100,216,127,71,77,179,230
729,0.9347368421052632,104.5,108,214,122,81,94,166,215
730,1.008695652173913,220.5,133,209,122,76,97,141,222
731,0.8531187122736419,71.0,105,213,106,79,99,147,251
732,0.9032921810699589,119.5,113,221,105,75,90,174,222
733,0.9152892561983471,122.5,100,207,136,73,76,173,235
734,1.0605381165919283,236.0,117,241,115,81,85,163,198
735,0.9026915113871635,24.0,109,215,112,81,88,156,239
736,0.9597457627118644,110.0,118,219,116,75,79,160,233
737,0.8511066398390342,-27.0,94,211,118,80,92,161,244
738,0.8556910569105691,26.5,102,204,115,87,108,157,227
739,0.8983739837398373,65.0,100,222,120,66,94,175,223
740,1.0129589632829374,223.0,120,227,122,68,85,167,211
741,1.0198675496688743,195.0,117,225,120,85,94,160,199
742,0.9233954451345756,43.0,108,223,115,71,84,171,228
743,0.9516806722689075,100.5,108,220,125,71,86,174,216
744,0.8704453441295547,74.0,107,190,133,76,80,177,237
745,0.87,69.0,117,208,110,65,88,180,232
746,0.8760162601626016,87.5,105,207,119,77,99,161,232
747,0.8767676767676768,129.5,99,209,126,71,78,166,251
748,0.9251559251559252,68.0,103,233,109,74,72,151,258
749,1.0175824175824175,229.5,122,220,121,82,73,173,209
750,0.9276595744680851,72.5,103,211,122,94,89,167,214
751,1.072072072072072,245.5,113,239,124,80,67,161,216
752,0.9956709956709957,192.0,121,218,121,78,88,163,211
753,0.9375,142.0,115,221,114,70,80,166,234
754,0.8920570264765784,91.0,103,219,116,71,105,173,213
755,1.024390243902439,177.0,117,231,114,87,69,168,214
756,0.9323467230443975,89.5,92,223,126,86,86,154,233
757,0.8597560975609756,58.0,108,190,125,85,82,178,232
758,0.8859470468431772,116.0,98,211,126,74,86,147,258
759,0.9956989247311828,123.0,129,221,113,72,72,160,233
760,0.8646464646464647,93.0,100,210,118,77,102,175,218
761,0.8888888888888888,126.5,111,195,126,82,78,183,225
762,1.011061946902655,222.0,126,220,111,91,79,159,214
763,0.8677354709418837,75.0,109,210,114,68,90,155,254
764,0.9573560767590619,172.5,111,219,119,82,88,161,220
765,1.0021598272138228,187.5,117,227,120,73,72,161,230
766,0.9466950959488273,78.5,116,208,120,87,89,166,214
767,0.8594704684317719,-2.0,97,204,121,87,90,177,224
768,0.8954918032786885,111.5,107,226,104,75,90,169,229
769,0.9490445859872612,117.0,92,244,111,82,97,166,208
770,0.9529914529914529,172.0,120,210,116,86,93,156,219
771,0.9893842887473461,181.0,103,240,123,63,77,167,227
772,0.8921161825726142,93.5,112,212,106,88,100,158,224
773,0.8921161825726142,74.5,102,217,111,88,85,168,229
774,1.0154867256637168,243.5,112,214,133,89,73,149,230
775,0.8125,-30.0,92,221,103,72,93,177,242
776,0.9410526315789474,117.5,104,230,113,78,89,167,219
777,0.9238683127572016,79.5,102,205,142,65,82,165,239
778,0.9092783505154639,84.0,97,214,130,74,89,167,229
779,0.9087136929460581,50.0,99,210,129,80,87,172,223
780,0.8922764227642277,129.0,105,208,126,69,67,185,240
781,0.9849462365591398,102.5,108,225,125,77,82,172,211
782,1.0281385281385282,167.0,101,244,130,63,84,162,216
783,1.0520361990950227,270.5,113,229,123,93,73,163,206
784,1.0440528634361232,168.5,117,230,127,72,89,174,191
785,0.8966942148760331,80.5,96,226,112,82,90,174,220
786,1.0109170305676856,191.5,126,210,127,79,91,147,220
787,0.8426294820717132,18.5,113,202,108,75,88,187,227
788,1.0021786492374727,159.0,114,221,125,81,83,169,207
789,0.8938775510204081,-31.0,115,199,124,72,90,174,226
790,0.852760736196319,15.0,98,216,103,94,84,175,230
791,1.0533333333333332,209.5,124,240,110,76,81,171,198
792,0.9617021276595744,143.5,110,223,119,78,104,166,200
793,0.9410526315789474,122.5,116,203,128,78,107,170,198
794,0.978494623655914,166.0,104,212,139,80,74,177,214
795,0.9532908704883227,134.0,107,209,133,80,94,171,206
796,0.9395833333333333,68.0,118,220,113,69,93,171,216
797,0.8909465020576132,87.5,115,208,110,81,82,190,214
798,0.9079497907949791,130.0,107,212,115,88,88,156,234
799,0.8737270875763747,82.0,93,226,110,80,82,192,217
800,1.0334821428571428,252.5,108,229,126,89,84,156,208
801,0.8537549407114624,37.5,101,204,127,62,80,182,244
802,0.9535864978902954,118.5,106,217,129,74,91,163,220
803,0.9558823529411765,118.5,98,226,131,69,95,178,203
804,0.9152892561983471,93.0,106,230,107,73,90,176,218
805,0.9322033898305084,75.0,102,214,124,88,87,178,207
806,0.8909465020576132,134.0,116,205,112,81,70,188,228
807,0.9100418410041841,114.0,119,197,119,87,89,165,224
808,1.0043668122270741,141.0,110,229,121,82,69,172,217
809,0.9134020618556701,110.5,119,201,123,72,97,169,219
810,0.8428571428571429,34.0,93,207,113,97,87,180,223
811,0.926530612244898,99.5,112,219,123,56,101,151,238
812,1.0108932461873639,208.5,124,222,118,77,101,166,192
813,0.9594017094017094,133.5,102,228,119,83,75,151,242
814,0.8891170431211499,87.5,94,243,96,80,85,183,219
815,0.9572649572649573,200.5,112,221,115,84,93,164,211
816,0.8081395348837209,42.5,111,200,106,67,99,185,232
817,0.8926315789473684,46.5,104,197,123,101,74,176,225
818,0.9577167019027484,191.0,108,224,121,74,92,157,224
819,0.8597938144329897,29.5,94,197,126,98,87,187,211
820,0.9744136460554371,189.5,118,221,118,74,84,162,223
821,0.9703389830508474,137.0,103,234,121,70,90,165,217
822,0.9417879417879418,91.0,106,228,119,66,86,165,230
823,0.8125,0.5,97,199,120,72,86,182,244
824,0.918918918918919,181.0,109,216,117,77,88,173,220
825,1.0579064587973275,249.5,105,242,128,76,75,158,216
826,0.8524590163934426,45.0,103,213,100,96,97,163,228
827,0.9389473684210526,138.0,98,225,123,79,102,165,208
828,0.9190871369294605,160.0,115,214,114,75,75,183,224
829,0.8571428571428571,28.5,101,216,109,77,89,191,217
830,0.9870689655172413,127.0,99,227,132,78,93,160,211
831,0.8714859437751004,55.0,99,225,110,68,97,174,227
832,0.8594059405940594,18.0,97,219,118,61,104,183,218
833,0.9955849889624724,194.0,115,217,119,96,83,157,213
834,0.939203354297694,117.5,119,206,123,75,88,179,210
835,0.9507494646680942,133.0,107,217,120,89,73,187,207
836,0.9611231101511879,146.5,114,205,126,92,71,175,217
837,0.9869281045751634,194.0,105,226,122,88,85,162,212
838,0.9696969696969697,86.5,108,228,112,90,77,153,232
839,0.872255489021956,9.0,112,199,126,62,97,174,230
840,0.8701825557809331,80.0,110,211,108,78,87,179,227
841,0.9004149377593361,83.0,101,225,108,84,90,175,217
842,0.8568507157464212,2.0,100,205,114,92,87,159,243
843,0.9479166666666666,134.5,116,231,108,65,87,159,234
844,0.9229166666666667,135.0,118,221,104,77,81,157,242
845,0.8701825557809331,121.0,122,188,119,78,95,160,238
846,0.8995901639344263,94.0,94,220,125,73,90,189,209
847,0.9808510638297873,218.5,112,219,130,69,92,167,211
848,0.9956709956709957,212.5,104,238,118,78,82,168,212
849,0.9495798319327731,75.5,96,219,137,72,78,166,232
850,0.9529914529914529,93.5,113,210,123,86,80,168,220
851,0.9238683127572016,98.0,106,229,114,65,79,164,243
852,0.9474789915966386,126.0,119,209,123,73,80,181,215
853,1.0647321428571428,179.5,114,229,134,75,83,153,212
854,0.8382066276803118,28.5,105,211,114,57,89,178,246
855,0.8666666666666667,28.5,98,223,108,76,82,185,228
856,0.8606060606060606,9.0,114,196,116,79,89,183,223
857,0.9258474576271186,101.0,103,203,131,91,92,166,214
858,0.9257731958762887,145.0,111,218,120,66,76,166,243
859,0.9180327868852459,79.5,112,225,111,64,90,178,220
860,0.9782608695652174,189.5,112,219,119,90,92,159,209
861,0.9320594479830149,91.5,110,221,108,90,72,156,243
862,0.9699570815450643,136.5,107,213,132,82,90,159,217
863,0.9356846473029046,53.5,106,220,125,67,98,165,219
864,1.096774193548387,229.0,106,244,126,90,81,156,197
865,0.906054279749478,113.5,105,217,112,87,112,154,213
866,0.8704453441295547,44.0,112,200,118,76,80,169,245
867,0.9051546391752577,-15.0,100,208,131,76,88,184,213
868,1.0221729490022173,193.5,135,208,118,88,78,163,210
869,0.9639065817409767,124.0,108,218,128,75,82,174,215
870,0.9870967741935484,160.5,111,227,121,76,69,165,231
871,0.8545816733067729,-5.0,86,210,133,69,82,194,226
872,0.9235668789808917,129.5,102,215,118,94,83,175,213
873,1.0178571428571428,174.5,118,217,121,96,93,162,193
874,0.8938775510204081,31.0,92,216,130,72,75,169,246
875,0.9077568134171907,64.0,111,229,93,90,96,168,213
876,0.9014373716632443,115.5,94,222,123,74,103,168,216
877,0.9721030042918455,178.0,119,211,123,81,83,157,226
878,0.9700214132762313,149.0,110,213,130,80,80,174,213
879,0.8483033932135728,54.5,110,224,91,74,106,174,221
880,0.9575371549893843,167.5,128,219,104,78,105,145,221
881,0.8333333333333334,57.0,89,211,120,76,93,172,239
882,0.9518828451882845,113.5,105,217,133,67,88,184,206
883,0.9617021276595744,148.0,106,230,116,78,71,181,218
884,1.0331858407079646,221.5,131,211,125,81,93,168,191
885,0.89937106918239,75.0,95,213,121,94,106,161,210
886,0.9230769230769231,125.5,94,232,118,75,89,155,237
887,0.8406374501992032,12.0,102,192,128,76,91,176,235
888,0.961456102783726,121.0,112,203,134,84,74,186,207
889,0.9608695652173913,148.0,118,211,113,98,81,175,204
890,0.9826086956521739,152.0,116,206,130,88,80,156,224
891,1.0788288288288288,282.0,109,248,122,77,77,159,208
892,0.9006211180124224,72.5,109,213,113,82,91,182,210
893,0.9010309278350516,63.0,104,205,128,78,95,167,223
894,0.9785867237687366,215.5,115,224,118,76,85,171,211
895,1.0972850678733033,263.0,104,239,142,73,86,145,211
896,0.9806451612903225,169.5,107,235,114,79,85,171,209
897,0.9807280513918629,119.0,115,224,119,75,81,150,236
898,1.0337078651685394,124.0,117,231,112,95,85,157,203
899,0.8516260162601627,43.5,90,212,117,89,93,156,243
900,0.8224852071005917,-40.5,83,211,123,76,91,174,242
901,0.9330543933054394,130.5,114,220,112,76,73,171,234
902,0.764367816091954,-89.5,85,203,111,79,113,178,231
903,1.0465631929046564,137.5,89,237,146,77,87,180,184
904,0.8524590163934426,94.5,97,222,97,96,88,179,221
905,0.9956803455723542,209.0,101,239,121,76,79,176,208
906,0.8821138211382114,96.5,115,211,108,74,83,179,230
907,0.8577154308617234,36.5,114,204,110,73,86,174,239
908,0.787109375,-49.0,91,192,120,85,78,172,262
909,1.0021786492374727,131.0,125,202,133,81,87,150,222
910,0.9935897435897436,170.0,113,248,104,67,92,153,223
911,0.7852998065764023,-4.5,89,210,107,77,95,179,243
912,0.9453781512605042,140.5,100,218,132,74,102,164,210
913,0.8250497017892644,-40.0,102,202,111,82,101,166,236
914,0.9658848614072495,185.5,114,218,121,78,80,146,243
915,0.96,134.5,111,228,117,69,85,182,208
916,0.9913606911447084,185.5,113,219,127,78,80,164,219
917,0.9849785407725322,114.5,119,221,119,75,92,169,205
918,0.8742268041237113,62.5,102,197,125,91,82,181,222
919,0.852589641434263,26.5,122,200,106,70,114,169,219
920,0.9508547008547008,132.0,103,208,134,87,86,171,211
921,0.8597194388777555,72.5,115,198,116,72,94,164,241
922,0.9739130434782609,187.0,109,205,134,92,99,168,193
923,0.9327731092436975,61.5,103,226,115,80,89,175,212
924,0.92,78.0,102,206,129,88,90,160,225
925,0.8881987577639752,56.5,99,203,127,88,67,163,253
926,0.9478079331941545,144.5,118,217,119,67,97,145,237
927,0.8373015873015873,6.5,96,203,123,74,92,167,245
928,0.9431578947368421,92.0,107,220,121,77,85,161,229
929,0.9106029106029107,39.0,104,222,112,81,76,174,231
930,0.9184100418410042,58.5,102,233,104,83,91,160,227
931,1.051454138702461,243.0,118,202,150,83,84,162,201
932,0.9471458773784355,67.0,90,234,124,79,88,167,218
933,0.9494736842105264,98.5,107,209,135,74,100,169,206
934,0.9488272921108742,171.0,104,217,124,86,84,175,210
935,0.9681528662420382,181.5,113,233,110,73,102,139,230
936,1.1016166281755195,281.0,128,219,130,90,83,136,214
937,0.9315352697095436,85.0,99,220,130,69,88,166,228
938,0.9978070175438597,183.5,109,224,122,89,83,157,216
939,0.86,81.0,109,213,108,70,112,157,231
940,0.8716904276985743,28.0,103,219,106,81,95,167,229
941,1.0175438596491229,232.0,116,236,112,80,80,164,212
942,0.8913934426229508,110.0,106,210,119,77,101,148,239
943,0.8934426229508197,81.5,85,212,139,76,83,176,229
944,0.9934640522875817,162.0,117,221,118,85,82,179,198
945,0.9870410367170627,127.5,107,227,123,80,94,149,220
946,0.9224318658280922,31.0,117,222,101,83,103,158,216
947,0.9514767932489452,103.5,115,218,118,75,74,165,235
948,0.9372384937238494,118.0,121,206,121,74,79,181,218
949,0.982646420824295,163.5,98,241,114,86,83,176,202
950,0.9956803455723542,152.5,120,208,133,76,71,169,223
951,0.9528907922912205,146.0,116,218,111,88,80,177,210
952,0.8925619834710744,85.5,106,206,120,84,96,162,226
953,0.9094650205761317,88.5,105,233,104,72,95,180,211
954,0.8051181102362205,-21.5,99,197,113,83,108,174,226
955,0.8376237623762376,-7.0,103,211,109,72,86,187,232
956,0.9578947368421052,124.5,114,226,115,70,77,176,222
957,0.9388185654008439,116.5,96,228,121,81,94,156,224
958,0.971677559912854,91.5,91,230,125,95,77,164,218
959,0.9121338912133892,137.0,105,210,121,86,99,162,217
960,0.948936170212766,63.0,102,227,117,84,96,153,221
961,1.013157894736842,137.5,113,225,124,82,63,166,227
962,0.93125,56.5,117,208,122,73,86,158,236
963,1.0352422907488987,228.5,121,201,148,76,84,162,208
964,1.0377777777777777,128.0,116,217,134,83,91,153,206
965,0.9578059071729957,202.0,111,228,115,72,86,176,212
966,0.8250497017892644,-46.5,83,197,135,82,92,177,234
967,1.0335570469798658,143.0,97,247,118,91,93,160,194
968,0.978401727861771,157.0,118,223,112,84,68,165,230
969,0.8635437881873728,-37.5,87,217,120,85,107,173,211
970,0.8727272727272727,56.0,91,225,116,73,100,158,237
971,0.9398340248962656,136.5,104,207,142,65,85,158,239
972,0.8591836734693877,35.0,95,200,126,89,96,169,225
973,0.9404255319148936,132.0,108,204,130,88,93,160,217
974,0.9603340292275574,209.5,97,246,117,61,99,172,208
975,0.9297520661157025,109.0,111,224,115,66,96,174,214
976,0.939203354297694,49.5,106,228,114,75,92,165,220
977,0.8450704225352113,42.5,95,216,109,83,85,184,228
978,1.0,183.0,119,225,116,80,83,163,214
979,0.9369747899159664,152.0,97,240,109,78,89,165,222
980,0.9802197802197802,164.5,108,218,120,99,84,165,206
981,0.8673469387755102,87.0,101,215,109,85,97,191,202
982,0.9912087912087912,110.0,102,239,110,94,79,165,211
983,0.9763948497854077,57.5,118,248,89,79,93,158,215
984,0.9432773109243697,138.0,112,216,121,75,88,172,216
985,0.8913934426229508,72.5,107,211,117,77,105,161,222
986,0.9661016949152542,97.5,98,236,122,72,80,168,224
987,0.9008264462809917,63.5,100,222,114,80,90,172,222
988,0.9416666666666667,130.5,109,219,124,68,110,162,208
989,0.9316770186335404,144.0,103,219,128,67,95,180,208
990,0.989247311827957,181.0,128,220,112,75,78,187,200
991,0.8058252427184466,-19.0,113,188,114,70,90,178,247
992,0.9978540772532188,158.5,117,226,122,69,77,155,234
993,0.8927835051546392,48.0,100,203,130,82,82,185,218
994,0.978448275862069,79.0,105,225,124,82,88,173,203
995,0.9956896551724138,113.5,105,234,123,74,69,163,232
996,0.9805194805194806,193.5,109,216,128,85,76,171,215
997,0.9385593220338984,75.5,99,220,124,85,87,149,236
998,0.961864406779661,134.5,118,226,110,74,98,151,223
999,0.9638297872340426,115.0,100,229,124,77,67,164,239
